Vout1 = [0.966 1.06 0.934 0.447 0.224 0.024];
phas1 = [-3.6 -57 -139.6 -190 -214 -246.6];
freq1 = [10 150 300 400 500 1000];
freq1 = 2*pi*freq1

Vout2 = [1.04 1.07 1.47 0.647 0.284 0.03];
phas2 = [-3.6 -27 -133 -196 -214.2 -242];
freq2 = [10 150 300 400 500 1000];
freq2 = 2*pi*freq2;
